{
 "cells": [
  {
   "cell_type": "code",
   "execution_count": 15,
   "id": "offshore-lawsuit",
   "metadata": {},
   "outputs": [
    {
     "data": {
      "text/plain": [
       "<bound method NDFrame.head of                  country  child_mort  exports  health  imports  income  \\\n",
       "0            Afghanistan        90.2     10.0    7.58     44.9    1610   \n",
       "1                Albania        16.6     28.0    6.55     48.6    9930   \n",
       "2                Algeria        27.3     38.4    4.17     31.4   12900   \n",
       "3                 Angola       119.0     62.3    2.85     42.9    5900   \n",
       "4    Antigua and Barbuda        10.3     45.5    6.03     58.9   19100   \n",
       "..                   ...         ...      ...     ...      ...     ...   \n",
       "162              Vanuatu        29.2     46.6    5.25     52.7    2950   \n",
       "163            Venezuela        17.1     28.5    4.91     17.6   16500   \n",
       "164              Vietnam        23.3     72.0    6.84     80.2    4490   \n",
       "165                Yemen        56.3     30.0    5.18     34.4    4480   \n",
       "166               Zambia        83.1     37.0    5.89     30.9    3280   \n",
       "\n",
       "     inflation  life_expec  total_fer   gdpp  \n",
       "0         9.44        56.2       5.82    553  \n",
       "1         4.49        76.3       1.65   4090  \n",
       "2        16.10        76.5       2.89   4460  \n",
       "3        22.40        60.1       6.16   3530  \n",
       "4         1.44        76.8       2.13  12200  \n",
       "..         ...         ...        ...    ...  \n",
       "162       2.62        63.0       3.50   2970  \n",
       "163      45.90        75.4       2.47  13500  \n",
       "164      12.10        73.1       1.95   1310  \n",
       "165      23.60        67.5       4.67   1310  \n",
       "166      14.00        52.0       5.40   1460  \n",
       "\n",
       "[167 rows x 10 columns]>"
      ]
     },
     "execution_count": 15,
     "metadata": {},
     "output_type": "execute_result"
    }
   ],
   "source": [
    "import numpy as np\n",
    "import pandas as pd\n",
    "df = pd.read_csv(\"Country-data.csv\")\n",
    "df.head\n",
    "#names = df.iloc[:,[0]]\n",
    "#names.head\n",
    "#names.to_csv('Name-Label.csv')\n",
    "#df['Afganisthan']"
   ]
  },
  {
   "cell_type": "code",
   "execution_count": 16,
   "id": "affecting-might",
   "metadata": {},
   "outputs": [
    {
     "data": {
      "text/plain": [
       "child_mort       27.30\n",
       "exports          38.40\n",
       "health            4.17\n",
       "imports          31.40\n",
       "income        12900.00\n",
       "inflation        16.10\n",
       "life_expec       76.50\n",
       "total_fer         2.89\n",
       "gdpp           4460.00\n",
       "Name: 2, dtype: float64"
      ]
     },
     "execution_count": 16,
     "metadata": {},
     "output_type": "execute_result"
    }
   ],
   "source": [
    "df.head\n",
    "df = df.drop(['country'], axis=1)\n",
    "df.head\n",
    "df.iloc[2]"
   ]
  },
  {
   "cell_type": "code",
   "execution_count": 17,
   "id": "numerical-comparative",
   "metadata": {},
   "outputs": [],
   "source": [
    "#utility functions\n",
    "import math\n",
    "def findDist(centroid,datapoint):\n",
    "    d= 0 \n",
    "    for i in range(len(datapoint)):\n",
    "        d+= (centroid[i] - datapoint[i])**2\n",
    "    return math.sqrt(d)\n",
    "#print(findDist([1,1,1,1,1],[2,4,3,2,2]))\n",
    "\n",
    "#compute cetroid\n",
    "def compCentroid(j,matrix,df,d):\n",
    "    numerator   = [0]*d\n",
    "    denominator = 0\n",
    "    m=2\n",
    "    for i in range(len(matrix)):\n",
    "        for k in range(d):\n",
    "            numerator[k] += df.iloc[i][k]* (matrix[i][j])**m\n",
    "    for i in range(len(matrix)):\n",
    "        denominator+= (matrix[i][j])\n",
    "    centroid = [number / denominator for number in numerator]\n",
    "\n",
    "    return centroid\n",
    "\n",
    "#initialize membership matrix\n",
    "import random\n",
    "def initMatrix(n,k):\n",
    "    mem_matrix = []\n",
    "    for i in range(n):\n",
    "        mem = []\n",
    "        for j in range(k):\n",
    "            mem.append(random.randrange(0, 1000)/1000)\n",
    "        mem_matrix.append(mem)\n",
    "    return mem_matrix\n",
    "\n",
    "#mat = initMatrix(167,3)\n",
    "##print(mat)\n",
    "#print(compCentroid(1,mat,df,9))"
   ]
  },
  {
   "cell_type": "code",
   "execution_count": 39,
   "id": "fuzzy-dialogue",
   "metadata": {},
   "outputs": [],
   "source": [
    "#calculating U(i,j)\n",
    "def calFuzzFactor(df,i,j,k,C):\n",
    "    m = 2\n",
    "    denominator = 0\n",
    "    for l in range(k):\n",
    "        denominator += (findDist(df.iloc[i],C[j])/findDist(df.iloc[i],C[l]))**(2/(m-1)) \n",
    "    U = denominator**(-1)\n",
    "    return U \n",
    "\n",
    "def diverge(a,b):\n",
    "    n = len(a)\n",
    "    m = len(a[0])\n",
    "    diff = 0\n",
    "    for i in range(n):\n",
    "        for j in range(m):\n",
    "            diff+=abs(a[i][j]-b[i][j])\n",
    "    return diff\n",
    "\n",
    "def calObj(C,df,k):\n",
    "    m=2\n",
    "    n= len(df)\n",
    "    J = 0\n",
    "    for i in range(n):\n",
    "        for j in range(k):\n",
    "            w = calFuzzFactor(df,i,j,k,C)\n",
    "            J += (w**m)*(findDist(df.iloc[i],C[j]))\n",
    "    return J"
   ]
  },
  {
   "cell_type": "code",
   "execution_count": 41,
   "id": "tracked-fellow",
   "metadata": {},
   "outputs": [
    {
     "name": "stdout",
     "output_type": "stream",
     "text": [
      "Interation : 1 Change in Membership Matrix:   141.06824475842978\n",
      "Value of Objective Function:  986839.1981113582\n",
      "\n",
      "=====================================\n",
      "Interation : 2 Change in Membership Matrix:   32.96925104795628\n",
      "Value of Objective Function:  1000067.2311580256\n",
      "\n",
      "=====================================\n",
      "Interation : 3 Change in Membership Matrix:   11.484097729928614\n",
      "Value of Objective Function:  999821.8079128497\n",
      "\n",
      "=====================================\n",
      "Interation : 4 Change in Membership Matrix:   10.619176224257762\n",
      "Value of Objective Function:  997304.5341969699\n",
      "\n",
      "=====================================\n",
      "Interation : 5 Change in Membership Matrix:   11.090742214669941\n",
      "Value of Objective Function:  993728.4553231174\n",
      "\n",
      "=====================================\n",
      "Interation : 6 Change in Membership Matrix:   11.482235669741867\n",
      "Value of Objective Function:  988619.2482338985\n",
      "\n",
      "=====================================\n",
      "Interation : 7 Change in Membership Matrix:   11.013509375230058\n",
      "Value of Objective Function:  982632.0450570639\n",
      "\n",
      "=====================================\n",
      "Interation : 8 Change in Membership Matrix:   10.036485483564164\n",
      "Value of Objective Function:  977640.8898853457\n",
      "\n",
      "=====================================\n",
      "Interation : 9 Change in Membership Matrix:   9.015101763251678\n",
      "Value of Objective Function:  973074.6017227438\n",
      "\n",
      "=====================================\n",
      "Interation : 10 Change in Membership Matrix:   7.986622310753793\n",
      "Value of Objective Function:  968159.2361468577\n",
      "\n",
      "=====================================\n",
      "Interation : 11 Change in Membership Matrix:   7.020550394732377\n",
      "Value of Objective Function:  963554.0354207051\n",
      "\n",
      "=====================================\n",
      "Interation : 12 Change in Membership Matrix:   6.199245300625178\n",
      "Value of Objective Function:  959347.6568384315\n",
      "\n",
      "=====================================\n",
      "Interation : 13 Change in Membership Matrix:   5.608186160110279\n",
      "Value of Objective Function:  955691.8190414383\n",
      "\n",
      "=====================================\n",
      "Final Centroids [[20.954883763981577, 14.279390071026555, 2.516642213403196, 18.690138244189868, 4239.93835094304, 3.7222176186265523, 26.850405428631632, 1.4131154925345397, 3104.3458350008077], [10.130871743484928, 30.308467259631758, 4.572415224417567, 29.45882141399608, 14422.874595118437, 4.184674464938374, 47.735491502366855, 1.297636760635734, 10195.220660938176], [25.531027607833035, 14.32439861554234, 2.789668587256208, 19.844124859968236, 3928.3515988289205, 3.853258681980666, 28.05764904909615, 1.603001389251547, 2889.2723818970367]]\n",
      "Final Membership Matrix [[0.43638708511215574, 0.022794990804171054, 0.5408179240836734], [0.4047529706760316, 0.2349298086673588, 0.36031722065660965], [0.24341160920005628, 0.5311419998387691, 0.2254463909611746], [0.5848831997739178, 0.014742050831567297, 0.4003747493945148], [0.07310001709632577, 0.8568718772986811, 0.07002810560499324], [0.061706617733082086, 0.8793543162878529, 0.05893906597906493], [0.5450822493120603, 0.030542482811324274, 0.42437526787661534], [0.2846396695054488, 0.4340328131730391, 0.2813275173215121], [0.2803438567287275, 0.4427981011751871, 0.27685804209608533], [0.11443921114044438, 0.7775301832374483, 0.10803060562210731], [0.2238871413755361, 0.5573072119860061, 0.21880564663845778], [0.2492882286687933, 0.5059255399162995, 0.24478623141490718], [0.4288750801861394, 0.01612589730025145, 0.5549990225136092], [0.09678253998121536, 0.8104778718194612, 0.09273958819932346], [0.10710201233110929, 0.7917062537189431, 0.10119173394994754], [0.2766096218645023, 0.4504224012189176, 0.2729679769165802], [0.4936555362283319, 0.09465434132726684, 0.4116901224444011], [0.4329275762745306, 0.01985815923632359, 0.5472142644891457], [0.5320817914256122, 0.02327977455720007, 0.4446384340171878], [0.5292922158385558, 0.009384305265804615, 0.46132347889563957], [0.40149542149170453, 0.2432640746944982, 0.35524050381379724], [0.12988336675079942, 0.7495833741616852, 0.1205332590875153], [0.005886139266137888, 0.9885538590894323, 0.0055600016444300095], [0.29744656458166346, 0.40775026528228325, 0.29480317013605334], [0.0753549554194612, 0.8537837446391997, 0.07086129994133902], [0.43724273497994576, 0.023927758089804064, 0.53882950693025], [0.4420970788894679, 0.03146495531090124, 0.5264379657996309], [0.427972301473918, 0.015500947830409305, 0.5565267506956727], [0.4133994697685753, 0.01088946886859216, 0.5757110613628326], [0.2798060088810329, 0.4439066174322393, 0.2762873736867278], [0.5884718175283017, 0.01249748007532774, 0.3990307023963707], [0.4407713887094632, 0.029018134617748655, 0.5302104766727882], [0.4303416417886581, 0.01814502852346338, 0.5515133296878785], [0.08256258694496847, 0.8382309697030406, 0.07920644335199084], [0.4129586598444267, 0.22321949027674315, 0.36382184987883015], [0.2600784823340029, 0.5043601465818248, 0.2355613710841723], [0.4358660049340804, 0.022738251610521572, 0.5413957434553981], [0.4422675133727402, 0.032041060178203205, 0.5256914264490566], [0.6056103489336001, 0.004493478490846506, 0.38989617257555337], [0.05255252515720067, 0.8986017096351722, 0.048845765207627144], [0.41585178098265413, 0.011365005472928567, 0.5727832135444173], [0.09713582188323334, 0.8094928041190959, 0.09337137399767077], [0.24812484426576067, 0.5082680693405308, 0.24360708639370848], [0.20057383833456846, 0.6039395032377912, 0.19548665842764035], [0.29040873511611304, 0.4222182566013926, 0.2873730082824943], [0.28795826829239474, 0.4510313370688232, 0.2610103946387821], [0.41958064363430825, 0.21238636918855827, 0.36803298717713345], [0.4332049791244022, 0.17570054903009302, 0.3910944718455048], [0.5220387919720447, 0.04770360242972294, 0.43025760559823234], [0.22150647215678115, 0.5619779255383898, 0.2165156023048291], [0.43799153538724894, 0.02465980090858511, 0.537348663704166], [0.13613962448972908, 0.732335057827637, 0.131525317682634], [0.5211046956574592, 0.05597585406786285, 0.422919450274678], [0.2780902847489186, 0.4474106100754605, 0.27449910517562087], [0.26918658139481094, 0.46555589876993936, 0.2652575198352497], [0.018772041060444587, 0.9635334754097346, 0.01769448352982096], [0.4360192580044432, 0.022381672863098622, 0.5415990691324581], [0.5411206834395136, 0.030202649018375806, 0.4286766675421107], [0.2730693809842035, 0.4576364863757393, 0.26929413264005725], [0.409559028035529, 0.009088545806821913, 0.581352426157649], [0.22778665587624314, 0.5493305245394761, 0.22288281958428083], [0.1804663850095358, 0.6546891237322361, 0.16484449125822823], [0.5398673776895677, 0.029330213207774392, 0.43080240910265793], [0.4381612860929816, 0.02525197922946697, 0.5365867346775515], [0.437679618198222, 0.024420985271741125, 0.5378993965300368], [0.5818699052264483, 0.011981353896077051, 0.40614874087747455], [0.436190252818608, 0.022846666182378628, 0.5409630809990132], [0.12486053534075024, 0.7547154263146065, 0.12042403834464323], [0.27220001637479235, 0.4594145297404523, 0.2683854538847554], [0.45215382774737806, 0.007877432605352848, 0.5399687396472691], [0.48351129200510595, 0.09858695626640623, 0.41790175172848776], [0.09762905398798087, 0.8096637827900062, 0.09270716322201292], [0.24993762448813897, 0.5190274366991009, 0.23103493881276008], [0.2831698038875213, 0.4370194380751156, 0.2798107580373631], [0.24130984092388327, 0.5220772792664041, 0.23661287980971255], [0.2608143059497784, 0.4825604620776877, 0.25662523197253395], [0.48261345514780274, 0.11194196908174278, 0.4054445757704545], [0.2743637492946999, 0.4550292447127754, 0.27060700599252474], [0.43535969476966446, 0.17998256161068857, 0.3846577436196469], [0.09496729747585497, 0.8140554233108962, 0.0909772792132488], [0.42428919256682185, 0.014284016942213354, 0.5614267904909648], [0.42572932401194535, 0.01601703088215861, 0.5582536451058959], [0.29502568584084565, 0.412718149524186, 0.2922561646349684], [0.42492164774295615, 0.013501885504029467, 0.5615764667530144], [0.43435217806139464, 0.008939947756636315, 0.556707874181969], [0.05479550538894286, 0.8928653884758008, 0.05233910613525632], [0.028100423634203578, 0.9453082458616426, 0.026591330504153687], [0.42081302240796375, 0.013405033030913106, 0.5657819445611232], [0.44197377207972804, 0.0313350254998957, 0.5266912024203763], [0.19731817110736674, 0.6106200871651718, 0.19206174172746143], [0.10463363655137985, 0.7947412255212073, 0.10062513792741286], [0.3125059075456601, 0.37668556322385494, 0.31080852923048496], [0.31174349756458486, 0.40431871215309756, 0.2839377902823176], [0.4386438421692625, 0.025387067757793823, 0.5359690900729437], [0.44005636759387456, 0.027779452041517216, 0.5321641803646082], [0.1119107306095617, 0.7806190178177806, 0.10747025157265758], [0.24305917623690249, 0.5368729212884985, 0.22006790247459893], [0.4331779490891457, 0.019899004275591714, 0.5469230466352626], [0.2052024961349248, 0.5946665900839745, 0.2001309137811007], [0.4151974146768773, 0.009116873585973162, 0.5756857117371494], [0.04035369102812238, 0.9215587028785378, 0.038087606093339776], [0.2866764819033964, 0.001420971848153552, 0.7119025462484501], [0.4081616598081065, 0.005080177367820345, 0.5867581628240732], [0.506785646827192, 0.060881813807048185, 0.4323325393657599], [0.09477795763768025, 0.8167975473286081, 0.08842449503371168], [0.5492650789900151, 0.022900981759766598, 0.42783393925021834], [0.44074996748742, 0.028945123559903363, 0.5303049089526767], [0.43068156931900825, 0.01027022033088554, 0.5590482103501062], [0.4497176218518261, 0.16444950040887796, 0.385832877739296], [0.4338383969492534, 0.01999901326071192, 0.5461625897900346], [0.28449321825673407, 0.43431619344316075, 0.2811905883001051], [0.2526052602633422, 0.49922314575535137, 0.24817159398130645], [0.44147499826314496, 0.03026834758679063, 0.5282566541500644], [0.5543591555440016, 0.005439843913748158, 0.4402010005422503], [0.3066262974831035, 0.3888486443128677, 0.3045250582040288], [0.25883327615160484, 0.4866057599423227, 0.25456096390607236], [0.44927000012199525, 0.01027437100889809, 0.5404556288691065], [0.03399061912679721, 0.933999231269069, 0.032010149604133564], [0.5235258011944378, 0.04910931802713681, 0.42736488077842544], [0.3747416300881279, 0.2920153458846744, 0.33324302402719763], [0.5404904569938108, 0.010597694107339588, 0.4489118488988496], [0.11651323636591816, 0.7712462122889182, 0.11224055134516367], [0.2063446342421853, 0.5923892692329628, 0.201266096524852], [0.3124731708848059, 0.3767509071192226, 0.3107759219959715], [0.06363186531701283, 0.8758461225145001, 0.060522012168487085], [0.1344697848412502, 0.7358183395748464, 0.12971187558390346], [0.43777799814014784, 0.024594216099370746, 0.5376277857604814], [0.6238503511704904, 0.007219357318449306, 0.3689302915110604], [0.2590498690457596, 0.486166459151844, 0.25478367180239647], [0.42632454231022826, 0.015776351430811283, 0.5578991062589604], [0.204264910367097, 0.607181629204913, 0.1885534604279901], [0.09230355073509901, 0.8191313264171844, 0.08856512284771663], [0.4395428221779931, 0.026764988128090337, 0.5336921896939166], [0.295223792546913, 0.41230480047186546, 0.29247140698122154], [0.1687948356240943, 0.6674203561883182, 0.16378480818758753], [0.2151575050946056, 0.5747015567500566, 0.21014093815533771], [0.4270945292392383, 0.016697399520055983, 0.5562080712407058], [0.1365458675800899, 0.7378649928851083, 0.1255891395348018], [0.21693165889050642, 0.571128336872506, 0.21194000423698767], [0.2457434637300198, 0.5130923379039927, 0.24116419836598751], [0.47969006243127627, 0.10116668662202043, 0.4191432509467034], [0.3267066516853099, 0.38148530068690134, 0.2918080476277888], [0.40094133793714876, 0.006880997380576926, 0.5921776646822742], [0.027337254988680906, 0.9470666765914224, 0.025596068419896617], [0.28523094868223653, 0.4328178939197155, 0.28195115739804794], [0.30136625526010413, 0.3996948078968572, 0.2989389368430386], [0.43112838861380914, 0.01813719140177778, 0.5507344199844131], [0.431775534911133, 0.01853364483335042, 0.5496908202555165], [0.190546665082145, 0.63227272735313, 0.17718060756472498], [0.44164214110519656, 0.013062210103792606, 0.5452956487910109], [0.43902727310690265, 0.026186099083647746, 0.5347866278094497], [0.6708289584281338, 0.0037731046235547684, 0.32539793694831143], [0.37929314873958003, 0.28006142923453126, 0.3406454220258887], [0.047890123670831564, 0.9064357160584473, 0.04567416027072119], [0.3947310682457606, 0.25425271997653603, 0.3510162117777033], [0.4364205387679576, 0.02297793915113639, 0.540601522080906], [0.5047523623945714, 0.06764472813865023, 0.4276029094667782], [0.28196315937520755, 0.43946982460399475, 0.27856701602079764], [0.26605313698109545, 0.4719282016128168, 0.2620186614060878], [0.284633553683515, 0.4340180311694317, 0.2813484151470533], [0.0383888782354597, 0.9250220659492844, 0.036589055815256004], [0.4408795161223418, 0.007232788820270325, 0.5518876950573879], [0.3633496395301439, 0.0033315974462076706, 0.6333187630236484], [0.052880903834437026, 0.89663275313148, 0.05048634303408282], [0.4573906748192591, 0.008476383674592405, 0.5341329415061487], [0.4567181471149931, 0.00842774709823818, 0.5348541057867687], [0.401719261354145, 0.007275290605422103, 0.5910054480404329]]\n"
     ]
    }
   ],
   "source": [
    "#ALGORITHM\n",
    "from copy import copy, deepcopy\n",
    "#y = deepcopy(x)\n",
    "mat = initMatrix(167,3)\n",
    "#print(mat[0:5])\n",
    "k = 3\n",
    "diff =1000\n",
    "iterations = 0\n",
    "while(diff>6):\n",
    "    iterations += 1\n",
    "    a = deepcopy(mat)\n",
    "    C=[]\n",
    "    for j in range(k):\n",
    "        C.append(compCentroid(j,a,df,9))\n",
    "    for i in range(len(mat)):\n",
    "        for j in range(k):\n",
    "            mat[i][j] =  calFuzzFactor(df,i,j,k,C)\n",
    "    #print(a[0:5])\n",
    "    #print(mat[0:5])\n",
    "    diff = diverge(a,mat)\n",
    "    print(\"Interation :\",iterations ,'     Change in Membership Matrix:  ',diff)\n",
    "    print('Value of Objective Function: ',calObj(C,df,k))\n",
    "    print('')\n",
    "    print('=====================================')\n",
    "print(\"Final Centroids\",C)\n",
    "print(\"Final Membership Matrix\" , mat)\n",
    "#print(iterations)"
   ]
  },
  {
   "cell_type": "code",
   "execution_count": null,
   "id": "unique-occasion",
   "metadata": {},
   "outputs": [],
   "source": []
  },
  {
   "cell_type": "code",
   "execution_count": null,
   "id": "lesbian-gather",
   "metadata": {},
   "outputs": [],
   "source": []
  }
 ],
 "metadata": {
  "kernelspec": {
   "display_name": "Python 3",
   "language": "python",
   "name": "python3"
  },
  "language_info": {
   "codemirror_mode": {
    "name": "ipython",
    "version": 3
   },
   "file_extension": ".py",
   "mimetype": "text/x-python",
   "name": "python",
   "nbconvert_exporter": "python",
   "pygments_lexer": "ipython3",
   "version": "3.6.8"
  }
 },
 "nbformat": 4,
 "nbformat_minor": 5
}
